{
	"calibDataSource": "161031_calib_norm",
	"cameras": [
		{
			"name": "01_01",
			"type": "vga",
			"resolution": [640,480],
			"panel": 1,
			"node": 1,
			"K": [
				[745.513,0,375.822],
				[0,745.685,225.717],
				[0,0,1]
			],
			"distCoef": [-0.324238,0.0767888,-0.000652078,0.000902572,0.0255746],
			"R": [
				[0.9610873747,0.02846896785,-0.2747736815],
				[-0.05007248151,0.9961519704,-0.07193051121],
				[0.2716685569,0.08289010626,0.9588145939]
			],
			"t": [
				[-49.12736935],
				[143.5345602],
				[283.6571407]
			]
		},
		{
			"name": "01_02",
			"type": "vga",
			"resolution": [640,480],
			"panel": 1,
			"node": 2,
			"K": [
				[745.32,0,369.854],
				[0,745.48,225.928],
				[0,0,1]
			],
			"distCoef": [-0.336735,0.148568,-0.00068327,0.000167952,-0.0887041],
			"R": [
				[0.9716598481,-0.01605555091,-0.235837569],
				[0.005777539247,0.9990056653,-0.0442074749],
				[0.2363128429,0.04159206753,0.9707864545]
			],
			"t": [
				[-63.64267636],
				[142.1692579],
				[279.5554147]
			]
		},
		{
			"name": "01_03",
			"type": "vga",
			"resolution": [640,480],
			"panel": 1,
			"node": 3,
			"K": [
				[746.503,0,379.76],
				[0,746.646,239.018],
				[0,0,1]
			],
			"distCoef": [-0.3304,0.102321,-0.000811428,0.00104792,-0.0023148],
			"R": [
				[0.9664217457,0.05573886695,-0.250842955],
				[-0.07035046978,0.9962855413,-0.04965814803],
				[0.2471433203,0.06563763383,0.9667532675]
			],
			"t": [
				[-52.31476221],
				[118.4394532],
				[282.6343634]
			]
		},
		{
			"name": "01_04",
			"type": "vga",
			"resolution": [640,480],
			"panel": 1,
			"node": 4,
			"K": [
				[747.155,0,366.745],
				[0,747.425,233.215],
				[0,0,1]
			],
			"distCoef": [-0.317616,0.0177562,-0.000791635,-0.000824986,0.152935],
			"R": [
				[0.9664370148,0.0859728356,-0.2420912389],
				[-0.111023113,0.9895701684,-0.0917864382],
				[0.2316751276,0.1155835343,0.9659022113]
			],
			"t": [
				[-26.46929748],
				[96.5185696],
				[288.5769464]
			]
		},
		{
			"name": "01_05",
			"type": "vga",
			"resolution": [640,480],
			"panel": 1,
			"node": 5,
			"K": [
				[742.283,0,353.104],
				[0,742.555,209.562],
				[0,0,1]
			],
			"distCoef": [-0.308693,-0.013174,-0.000331111,-0.000877335,0.155491],
			"R": [
				[0.972094093,0.05113857934,-0.2289496014],
				[-0.07281442215,0.9935220289,-0.08724699428],
				[0.2230047852,0.1014831207,0.9695205217]
			],
			"t": [
				[-24.12045826],
				[77.60272501],
				[286.6532776]
			]
		},
		{
			"name": "01_06",
			"type": "vga",
			"resolution": [640,480],
			"panel": 1,
			"node": 6,
			"K": [
				[743.112,0,372.508],
				[0,743.437,241.005],
				[0,0,1]
			],
			"distCoef": [-0.317843,0.0415248,0.00132627,-0.00027773,0.0836396],
			"R": [
				[0.9683064627,0.07494762846,-0.2382550046],
				[-0.09405385996,0.993113916,-0.06984712734],
				[0.2313794841,0.09004222764,0.9686877369]
			],
			"t": [
				[-4.358426725],
				[73.24168891],
				[285.6228009]
			]
		},
		{
			"name": "01_07",
			"type": "vga",
			"resolution": [640,480],
			"panel": 1,
			"node": 7,
			"K": [
				[747.603,0,380.25],
				[0,747.848,229.072],
				[0,0,1]
			],
			"distCoef": [-0.330039,0.100761,-0.000345886,0.00113197,0.0176725],
			"R": [
				[0.9673575108,-0.02992324658,-0.2516426942],
				[0.01749288636,0.9985202923,-0.05149004606],
				[0.2528110859,0.04540732574,0.9664495484]
			],
			"t": [
				[-1.741298421],
				[98.87958826],
				[281.576136]
			]
		},
		{
			"name": "01_08",
			"type": "vga",
			"resolution": [640,480],
			"panel": 1,
			"node": 8,
			"K": [
				[744.503,0,362.326],
				[0,744.803,217.19],
				[0,0,1]
			],
			"distCoef": [-0.313248,0.0109598,-0.00046453,-0.00137121,0.138458],
			"R": [
				[0.9653054994,0.06475553751,-0.2529664268],
				[-0.07862407744,0.995883924,-0.04509395053],
				[0.2490051148,0.06341869038,0.966423573]
			],
			"t": [
				[28.74049929],
				[86.21720447],
				[283.7423087]
			]
		},
		{
			"name": "01_09",
			"type": "vga",
			"resolution": [640,480],
			"panel": 1,
			"node": 9,
			"K": [
				[745.694,0,338.84],
				[0,745.785,236.366],
				[0,0,1]
			],
			"distCoef": [-0.309579,-0.000537093,0.000608637,-0.000281555,0.146519],
			"R": [
				[0.965601596,0.07278941651,-0.2496302437],
				[-0.0901991023,0.99417391,-0.05901151281],
				[0.2438804619,0.07949803485,0.9665414542]
			],
			"t": [
				[47.67527074],
				[94.60112769],
				[285.0356225]
			]
		},
		{
			"name": "01_10",
			"type": "vga",
			"resolution": [640,480],
			"panel": 1,
			"node": 10,
			"K": [
				[747.563,0,379.268],
				[0,747.822,227.715],
				[0,0,1]
			],
			"distCoef": [-0.34296,0.175229,-0.000910159,0.000439658,-0.110268],
			"R": [
				[0.96643561,-0.001326991945,-0.2569055291],
				[-0.009671629458,0.9990898785,-0.04154364204],
				[0.2567268419,0.04263395012,0.965543202]
			],
			"t": [
				[32.61546902],
				[129.7615801],
				[281.0623723]
			]
		},
		{
			"name": "01_11",
			"type": "vga",
			"resolution": [640,480],
			"panel": 1,
			"node": 11,
			"K": [
				[745.897,0,364.554],
				[0,745.749,223.719],
				[0,0,1]
			],
			"distCoef": [-0.332198,0.105415,0.000231229,0.0013154,0.0122656],
			"R": [
				[0.9870758472,-0.01254712183,-0.1597618275],
				[0.00410491769,0.9985827188,-0.05306320078],
				[0.1602011905,0.05172159472,0.9857283882]
			],
			"t": [
				[73.63113408],
				[142.7077088],
				[276.082109]
			]
		},
		{
			"name": "01_12",
			"type": "vga",
			"resolution": [640,480],
			"panel": 1,
			"node": 12,
			"K": [
				[745.146,0,358.919],
				[0,745.217,226.833],
				[0,0,1]
			],
			"distCoef": [-0.32943,0.111587,-0.000730063,-0.00197741,-0.0403954],
			"R": [
				[0.9591159128,0.08532626154,-0.2698445755],
				[-0.09706259472,0.9948130688,-0.03042714137],
				[0.265848676,0.05537497013,0.9624230328]
			],
			"t": [
				[57.08327303],
				[157.4671348],
				[282.8702941]
			]
		},
		{
			"name": "01_13",
			"type": "vga",
			"resolution": [640,480],
			"panel": 1,
			"node": 13,
			"K": [
				[744.357,0,339.997],
				[0,744.497,216.358],
				[0,0,1]
			],
			"distCoef": [-0.322784,0.0686583,-9.72126e-05,-0.00115273,0.0277252],
			"R": [
				[0.9726191282,-0.06295862364,-0.2237146467],
				[0.03923784939,0.9932735246,-0.1089407935],
				[0.2290685981,0.09717981802,0.9685471906]
			],
			"t": [
				[22.51724271],
				[154.3866045],
				[287.8635537]
			]
		},
		{
			"name": "01_14",
			"type": "vga",
			"resolution": [640,480],
			"panel": 1,
			"node": 14,
			"K": [
				[746.134,0,362.6],
				[0,746.655,235.39],
				[0,0,1]
			],
			"distCoef": [-0.339121,0.157623,-0.000764243,0.000139132,-0.0883387],
			"R": [
				[0.9648533831,0.006894737519,-0.2626983282],
				[-0.02432255959,0.9977077693,-0.06314760674],
				[0.2616607768,0.06731767774,0.9628094142]
			],
			"t": [
				[22.14570249],
				[181.8704654],
				[283.9630768]
			]
		},
		{
			"name": "01_15",
			"type": "vga",
			"resolution": [640,480],
			"panel": 1,
			"node": 15,
			"K": [
				[745.059,0,366.849],
				[0,745.492,216.229],
				[0,0,1]
			],
			"distCoef": [-0.321866,0.0580529,-0.00161112,-0.000983782,0.0540654],
			"R": [
				[0.9602445456,0.03549308725,-0.2768946613],
				[-0.06167115508,0.9943488947,-0.08641148262],
				[0.2722628901,0.1000525685,0.9570070022]
			],
			"t": [
				[3.243412867],
				[174.0316685],
				[289.2647782]
			]
		},
		{
			"name": "01_16",
			"type": "vga",
			"resolution": [640,480],
			"panel": 1,
			"node": 16,
			"K": [
				[747.457,0,371.892],
				[0,747.762,230.531],
				[0,0,1]
			],
			"distCoef": [-0.348419,0.202515,0.000702074,0.000227511,-0.14509],
			"R": [
				[0.9684176553,0.05642456833,-0.2428652158],
				[-0.07173016096,0.995926356,-0.05463952312],
				[0.2387928578,0.07033463988,0.9685200099]
			],
			"t": [
				[-1.088724321],
				[172.2857381],
				[283.7083328]
			]
		},
		{
			"name": "01_17",
			"type": "vga",
			"resolution": [640,480],
			"panel": 1,
			"node": 17,
			"K": [
				[748.147,0,373.81],
				[0,748.488,234.361],
				[0,0,1]
			],
			"distCoef": [-0.353052,0.236273,-0.00122875,0.00212207,-0.193429],
			"R": [
				[0.9643628827,0.02460691148,-0.2634363877],
				[-0.04477869056,0.9964818964,-0.07084277714],
				[0.2607663692,0.08011448127,0.9620720194]
			],
			"t": [
				[-33.22748247],
				[173.1084338],
				[284.5578592]
			]
		},
		{
			"name": "01_18",
			"type": "vga",
			"resolution": [640,480],
			"panel": 1,
			"node": 18,
			"K": [
				[743.777,0,363.773],
				[0,744.039,236.583],
				[0,0,1]
			],
			"distCoef": [-0.317789,0.0419907,-0.00111918,-0.000867098,0.0815414],
			"R": [
				[0.9522967956,0.06002876913,-0.2992112297],
				[-0.07202651323,0.9969745601,-0.02922170421],
				[0.2965518412,0.04937887688,0.9537393418]
			],
			"t": [
				[-55.53559254],
				[175.4521199],
				[276.3010033]
			]
		},
		{
			"name": "01_19",
			"type": "vga",
			"resolution": [640,480],
			"panel": 1,
			"node": 19,
			"K": [
				[743.023,0,365.252],
				[0,743.172,220.345],
				[0,0,1]
			],
			"distCoef": [-0.312006,0.00939769,-0.00085951,-0.000379647,0.139513],
			"R": [
				[0.9678334458,0.05258451855,-0.246035139],
				[-0.06534939726,0.9968917702,-0.0440028957],
				[0.2429565341,0.05866572221,0.9682615636]
			],
			"t": [
				[-17.3624776],
				[144.4516303],
				[281.9253812]
			]
		},
		{
			"name": "01_20",
			"type": "vga",
			"resolution": [640,480],
			"panel": 1,
			"node": 20,
			"K": [
				[744.248,0,344.077],
				[0,744.573,245.542],
				[0,0,1]
			],
			"distCoef": [-0.322851,0.0725226,0.00102763,-0.0010108,0.0175256],
			"R": [
				[0.9716238197,0.03459516494,-0.2339878792],
				[-0.04361491348,0.9984871921,-0.03348233144],
				[0.2324755737,0.04273759187,0.9716628046]
			],
			"t": [
				[-12.81134513],
				[127.5776589],
				[280.4685912]
			]
		},
		{
			"name": "01_21",
			"type": "vga",
			"resolution": [640,480],
			"panel": 1,
			"node": 21,
			"K": [
				[741.943,0,365.948],
				[0,742.148,221.141],
				[0,0,1]
			],
			"distCoef": [-0.302465,-0.0525604,-0.00104606,-0.000107992,0.250371],
			"R": [
				[0.9648537275,0.04034457119,-0.2596721012],
				[-0.04908393358,0.9984226678,-0.02725699774],
				[0.2581628402,0.03904474404,0.9653121029]
			],
			"t": [
				[0.4739228722],
				[122.027742],
				[280.1303057]
			]
		},
		{
			"name": "01_22",
			"type": "vga",
			"resolution": [640,480],
			"panel": 1,
			"node": 22,
			"K": [
				[743.521,0,363.697],
				[0,743.877,227.149],
				[0,0,1]
			],
			"distCoef": [-0.319313,0.0485832,-0.000984427,-0.000606969,0.0814684],
			"R": [
				[0.9624499801,-0.007991165427,-0.2713414402],
				[-0.003413372242,0.9991313328,-0.04153226209],
				[0.2714376259,0.04089891416,0.9615866545]
			],
			"t": [
				[6.672864915],
				[134.961316],
				[280.4779707]
			]
		},
		{
			"name": "01_23",
			"type": "vga",
			"resolution": [640,480],
			"panel": 1,
			"node": 23,
			"K": [
				[744.725,0,359.364],
				[0,744.856,224.486],
				[0,0,1]
			],
			"distCoef": [-0.31363,0.0132975,-0.000735408,0.000593873,0.146925],
			"R": [
				[0.955310431,0.012298324,-0.2953484918],
				[-0.03747878974,0.9961102493,-0.0797477991],
				[0.2932188955,0.08725320836,0.9520554379]
			],
			"t": [
				[-0.5943378847],
				[142.7341558],
				[286.641079]
			]
		},
		{
			"name": "01_24",
			"type": "vga",
			"resolution": [640,480],
			"panel": 1,
			"node": 24,
			"K": [
				[744.346,0,370.015],
				[0,744.426,244.549],
				[0,0,1]
			],
			"distCoef": [-0.317386,0.03542,2.5641e-05,-0.000289955,0.0960559],
			"R": [
				[0.9626155588,0.05369390472,-0.2654962346],
				[-0.07471459808,0.9947651938,-0.06971325631],
				[0.2603632363,0.08694350964,0.9615881714]
			],
			"t": [
				[-5.018787259],
				[147.4500443],
				[286.0858336]
			]
		},
		{
			"name": "02_01",
			"type": "vga",
			"resolution": [640,480],
			"panel": 2,
			"node": 1,
			"K": [
				[746.8,0,376.021],
				[0,747.106,233.632],
				[0,0,1]
			],
			"distCoef": [-0.314518,0.0123833,0.000118124,-0.000277201,0.13307],
			"R": [
				[0.9771700965,0.04713687775,0.2071635035],
				[0.00141008124,0.9736172655,-0.2281828915],
				[-0.2124537928,0.2232656155,0.9513232105]
			],
			"t": [
				[1.352708706],
				[175.5183176],
				[304.52326]
			]
		},
		{
			"name": "02_02",
			"type": "vga",
			"resolution": [640,480],
			"panel": 2,
			"node": 2,
			"K": [
				[747.68,0,367.588],
				[0,747.816,211.698],
				[0,0,1]
			],
			"distCoef": [-0.33412,0.117805,0.000678915,-0.000311127,-0.0270331],
			"R": [
				[0.981177657,-0.05714861328,0.1844571532],
				[0.09264474364,0.9774066908,-0.1899818733],
				[-0.1694324551,0.203494955,0.9643041255]
			],
			"t": [
				[-47.8109425],
				[191.3590495],
				[299.2902482]
			]
		},
		{
			"name": "02_03",
			"type": "vga",
			"resolution": [640,480],
			"panel": 2,
			"node": 3,
			"K": [
				[745.67,0,354.245],
				[0,745.847,251.971],
				[0,0,1]
			],
			"distCoef": [-0.322654,0.0412554,-0.00090931,-0.00131306,0.0995431],
			"R": [
				[0.9757946266,0.126809404,0.178169082],
				[-0.07602540848,0.9606036872,-0.26732133],
				[-0.2050487356,0.2473053401,0.946992653]
			],
			"t": [
				[-20.62880431],
				[169.2700746],
				[308.7699949]
			]
		},
		{
			"name": "02_04",
			"type": "vga",
			"resolution": [640,480],
			"panel": 2,
			"node": 4,
			"K": [
				[746.075,0,381.974],
				[0,746.312,224.405],
				[0,0,1]
			],
			"distCoef": [-0.326332,0.0780503,-0.000812989,0.000608063,0.0346005],
			"R": [
				[0.9792710899,0.07413529219,0.1884995781],
				[-0.02621589058,0.969174997,-0.2449745952],
				[-0.2008503413,0.2349548545,0.9510285783]
			],
			"t": [
				[-29.88026665],
				[150.895918],
				[306.4956098]
			]
		},
		{
			"name": "02_05",
			"type": "vga",
			"resolution": [640,480],
			"panel": 2,
			"node": 5,
			"K": [
				[744.016,0,378.399],
				[0,743.955,243.955],
				[0,0,1]
			],
			"distCoef": [-0.321323,0.0419534,-6.85177e-06,-0.000986856,0.0873619],
			"R": [
				[0.9855421756,0.05680761886,0.159623039],
				[-0.01541620795,0.9682745174,-0.2494129097],
				[-0.1687274746,0.2433461597,0.9551511325]
			],
			"t": [
				[-59.29937632],
				[135.9526588],
				[305.742081]
			]
		},
		{
			"name": "02_06",
			"type": "vga",
			"resolution": [640,480],
			"panel": 2,
			"node": 6,
			"K": [
				[743.726,0,353.88],
				[0,743.901,227.892],
				[0,0,1]
			],
			"distCoef": [-0.300561,-0.0753368,-0.000576301,2.641e-05,0.303562],
			"R": [
				[0.9814298569,0.06193282432,0.1815482342],
				[-0.01025687036,0.9620337242,-0.2727378046],
				[-0.1915469464,0.2658109079,0.9448038572]
			],
			"t": [
				[-51.22593613],
				[106.9296515],
				[309.7338505]
			]
		},
		{
			"name": "02_07",
			"type": "vga",
			"resolution": [640,480],
			"panel": 2,
			"node": 7,
			"K": [
				[746.464,0,376.572],
				[0,746.525,216.153],
				[0,0,1]
			],
			"distCoef": [-0.323405,0.0661729,-0.000473015,0.000367209,0.0551188],
			"R": [
				[0.9774728283,0.09700809282,0.1874467921],
				[-0.05107721066,0.9704402153,-0.2358747697],
				[-0.2047876669,0.220986919,0.9535338448]
			],
			"t": [
				[-24.47654705],
				[111.2856171],
				[305.3908586]
			]
		},
		{
			"name": "02_08",
			"type": "vga",
			"resolution": [640,480],
			"panel": 2,
			"node": 8,
			"K": [
				[747.061,0,347.427],
				[0,747.341,230.58],
				[0,0,1]
			],
			"distCoef": [-0.339379,0.156227,0.00104163,-0.0016847,-0.102716],
			"R": [
				[0.9736567572,0.04422749839,0.223688282],
				[0.006107841906,0.9755977925,-0.2194803898],
				[-0.2279368628,0.2150648173,0.9496272484]
			],
			"t": [
				[-20.2550456],
				[89.87956303],
				[306.1892109]
			]
		},
		{
			"name": "02_09",
			"type": "vga",
			"resolution": [640,480],
			"panel": 2,
			"node": 9,
			"K": [
				[746.074,0,345.573],
				[0,746.435,222.003],
				[0,0,1]
			],
			"distCoef": [-0.315593,0.0148872,0.000403453,0.000382661,0.147721],
			"R": [
				[0.9707411274,0.02540862612,0.2387803706],
				[0.01758661276,0.9841928226,-0.1762248533],
				[-0.2394835583,0.1752680506,0.9549495985]
			],
			"t": [
				[1.092211189],
				[93.30887308],
				[302.0877168]
			]
		},
		{
			"name": "02_10",
			"type": "vga",
			"resolution": [640,480],
			"panel": 2,
			"node": 10,
			"K": [
				[743.815,0,345.534],
				[0,744.056,231.329],
				[0,0,1]
			],
			"distCoef": [-0.313127,0.0109417,0.000438634,-0.000273531,0.117061],
			"R": [
				[0.9836571344,0.04785702731,0.1735751909],
				[-0.008528482756,0.9753314123,-0.2205808268],
				[-0.1798496787,0.215495571,0.9597998499]
			],
			"t": [
				[3.375619441],
				[94.49065023],
				[305.1280973]
			]
		},
		{
			"name": "02_11",
			"type": "vga",
			"resolution": [640,480],
			"panel": 2,
			"node": 11,
			"K": [
				[748.149,0,374.816],
				[0,748.56,220.434],
				[0,0,1]
			],
			"distCoef": [-0.324996,0.0711832,0.000882455,0.000423661,0.0509948],
			"R": [
				[0.9766276773,-0.04029858104,0.2111265124],
				[0.0847006608,0.9749390989,-0.2057171639],
				[-0.1975453819,0.2187916311,0.9555658241]
			],
			"t": [
				[20.28931064],
				[86.74738432],
				[305.5245459]
			]
		},
		{
			"name": "02_12",
			"type": "vga",
			"resolution": [640,480],
			"panel": 2,
			"node": 12,
			"K": [
				[745.751,0,388.048],
				[0,745.884,223.368],
				[0,0,1]
			],
			"distCoef": [-0.326517,0.0783898,-5.20154e-05,-0.000260809,0.0406905],
			"R": [
				[0.977248675,-0.05280556966,0.2054181077],
				[0.09430122294,0.9756939305,-0.1978095885],
				[-0.1899797529,0.212680337,0.9584752306]
			],
			"t": [
				[34.06827322],
				[101.5924494],
				[305.1239208]
			]
		},
		{
			"name": "02_13",
			"type": "vga",
			"resolution": [640,480],
			"panel": 2,
			"node": 13,
			"K": [
				[746.961,0,387.185],
				[0,746.971,241.665],
				[0,0,1]
			],
			"distCoef": [-0.329525,0.0838781,0.000774369,1.46373e-05,0.0403939],
			"R": [
				[0.9805060203,0.07275840833,0.1825216647],
				[-0.03341996898,0.9771339441,-0.209981811],
				[-0.1936260565,0.1997885615,0.9605172986]
			],
			"t": [
				[42.50975005],
				[120.7541471],
				[302.7204451]
			]
		},
		{
			"name": "02_14",
			"type": "vga",
			"resolution": [640,480],
			"panel": 2,
			"node": 14,
			"K": [
				[745.104,0,359.779],
				[0,744.946,221.154],
				[0,0,1]
			],
			"distCoef": [-0.319629,0.0297647,0.000571279,0.000315347,0.134245],
			"R": [
				[0.9639981434,-0.01368318619,0.2655566793],
				[0.0665536536,0.9793045615,-0.1911365664],
				[-0.2574455102,0.2019290624,0.9449584452]
			],
			"t": [
				[67.27002187],
				[136.2222885],
				[298.804734]
			]
		},
		{
			"name": "02_15",
			"type": "vga",
			"resolution": [640,480],
			"panel": 2,
			"node": 15,
			"K": [
				[746.372,0,376.165],
				[0,746.285,233.474],
				[0,0,1]
			],
			"distCoef": [-0.334452,0.128101,0.000685227,0.00132755,-0.0386249],
			"R": [
				[0.9739027995,-0.02994234118,0.2249817623],
				[0.07992675067,0.9730071348,-0.216492102],
				[-0.2124265795,0.2288243255,0.9500075665]
			],
			"t": [
				[44.35332426],
				[146.8929596],
				[305.1517554]
			]
		},
		{
			"name": "02_16",
			"type": "vga",
			"resolution": [640,480],
			"panel": 2,
			"node": 16,
			"K": [
				[747.965,0,369.19],
				[0,747.99,211.849],
				[0,0,1]
			],
			"distCoef": [-0.333792,0.113551,-0.00114661,0.000271939,-0.0108245],
			"R": [
				[0.9828132362,0.01269320569,0.1841657547],
				[0.03073582521,0.9724566991,-0.2310482143],
				[-0.1820259644,0.2327377297,0.9553531794]
			],
			"t": [
				[25.0495571],
				[154.5600605],
				[306.8263776]
			]
		},
		{
			"name": "02_17",
			"type": "vga",
			"resolution": [640,480],
			"panel": 2,
			"node": 17,
			"K": [
				[743.086,0,372.552],
				[0,743.597,259.401],
				[0,0,1]
			],
			"distCoef": [-0.2994,-0.0793687,-0.00020219,-0.00057149,0.293185],
			"R": [
				[0.9701914061,0.05401743727,0.2362429934],
				[-0.00379178836,0.9781057541,-0.2080739201],
				[-0.2423102511,0.2009757457,0.9491546196]
			],
			"t": [
				[42.60149974],
				[182.625536],
				[299.2086848]
			]
		},
		{
			"name": "02_18",
			"type": "vga",
			"resolution": [640,480],
			"panel": 2,
			"node": 18,
			"K": [
				[746.083,0,380.716],
				[0,746.629,215.212],
				[0,0,1]
			],
			"distCoef": [-0.312535,0.0234647,-0.00146999,-0.000927007,0.0909197],
			"R": [
				[0.9752931763,0.01110424513,0.2206352558],
				[0.021493963,0.9892277543,-0.1447979961],
				[-0.219866391,0.1459628236,0.9645484043]
			],
			"t": [
				[11.67961316],
				[213.3869193],
				[288.1421634]
			]
		},
		{
			"name": "02_19",
			"type": "vga",
			"resolution": [640,480],
			"panel": 2,
			"node": 19,
			"K": [
				[744.713,0,380.161],
				[0,744.858,233.023],
				[0,0,1]
			],
			"distCoef": [-0.312605,0.015892,-3.91074e-06,0.000178331,0.129933],
			"R": [
				[0.9807084557,0.05599896862,0.1872833161],
				[-0.01409330931,0.9758500969,-0.2179861623],
				[-0.1949674424,0.2111414309,0.9578136523]
			],
			"t": [
				[0.9987204705],
				[159.1069303],
				[302.785479]
			]
		},
		{
			"name": "02_20",
			"type": "vga",
			"resolution": [640,480],
			"panel": 2,
			"node": 20,
			"K": [
				[746.077,0,393.119],
				[0,746.215,227.648],
				[0,0,1]
			],
			"distCoef": [-0.320744,0.0646293,-3.90829e-05,0.00131239,0.0585252],
			"R": [
				[0.9824275148,0.03001635665,0.1842150823],
				[0.0160899929,0.969689117,-0.243811666],
				[-0.1859496984,0.2424913084,0.9521663064]
			],
			"t": [
				[-22.47173552],
				[136.6393019],
				[307.412567]
			]
		},
		{
			"name": "02_21",
			"type": "vga",
			"resolution": [640,480],
			"panel": 2,
			"node": 21,
			"K": [
				[746.969,0,358.995],
				[0,747.026,237.422],
				[0,0,1]
			],
			"distCoef": [-0.324682,0.0664172,0.00051493,0.00028803,0.0640397],
			"R": [
				[0.9779984569,0.08960079206,0.1883897991],
				[-0.04075236414,0.9677223318,-0.2487020975],
				[-0.2045929206,0.2355529379,0.9500823913]
			],
			"t": [
				[-7.212907858],
				[118.2302096],
				[306.8196422]
			]
		},
		{
			"name": "02_22",
			"type": "vga",
			"resolution": [640,480],
			"panel": 2,
			"node": 22,
			"K": [
				[745.635,0,374.792],
				[0,745.844,247.163],
				[0,0,1]
			],
			"distCoef": [-0.316966,0.0393035,0.000744134,-0.000920239,0.0931119],
			"R": [
				[0.9839000635,0.07794569964,0.1608264065],
				[-0.037377189,0.9697256848,-0.2413193777],
				[-0.1747673049,0.2314229121,0.9570265539]
			],
			"t": [
				[1.334565514],
				[110.2058663],
				[306.3072561]
			]
		},
		{
			"name": "02_23",
			"type": "vga",
			"resolution": [640,480],
			"panel": 2,
			"node": 23,
			"K": [
				[744.458,0,375.847],
				[0,744.584,236.12],
				[0,0,1]
			],
			"distCoef": [-0.324121,0.052727,0.000459871,0.000209594,0.0884874],
			"R": [
				[0.9799305291,0.006470821883,0.1992342505],
				[0.04202220323,0.9703066929,-0.2381996143],
				[-0.194859674,0.2417913362,0.9505612327]
			],
			"t": [
				[16.44248399],
				[119.0477737],
				[307.6816282]
			]
		},
		{
			"name": "02_24",
			"type": "vga",
			"resolution": [640,480],
			"panel": 2,
			"node": 24,
			"K": [
				[747.67,0,365.449],
				[0,748.027,236.284],
				[0,0,1]
			],
			"distCoef": [-0.33273,0.115735,-0.000148841,-0.000760956,-0.0294361],
			"R": [
				[0.9857865246,-0.01943361892,0.1668749901],
				[0.05797176283,0.9716263034,-0.2293067839],
				[-0.1576838691,0.235721575,0.9589427181]
			],
			"t": [
				[-2.869548306],
				[141.0048],
				[306.9904047]
			]
		},
		{
			"name": "03_01",
			"type": "vga",
			"resolution": [640,480],
			"panel": 3,
			"node": 1,
			"K": [
				[745.216,0,364.501],
				[0,745.548,222.595],
				[0,0,1]
			],
			"distCoef": [-0.324162,0.081255,-0.000539964,0.000479775,0.00974821],
			"R": [
				[0.7895152342,0.1463415084,-0.5960284036],
				[-0.3264479963,0.9225122733,-0.2059194291],
				[0.5197089577,0.3571488044,0.7761103857]
			],
			"t": [
				[-13.60559203],
				[106.3344157],
				[322.6757527]
			]
		},
		{
			"name": "03_02",
			"type": "vga",
			"resolution": [640,480],
			"panel": 3,
			"node": 2,
			"K": [
				[746.32,0,367.853],
				[0,746.532,217.994],
				[0,0,1]
			],
			"distCoef": [-0.315961,0.0236222,-0.000241236,0.00103658,0.111848],
			"R": [
				[0.785035978,0.1233246627,-0.6070498669],
				[-0.3449924126,0.9009744311,-0.2631070311],
				[0.5144888226,0.4159760836,0.7498434165]
			],
			"t": [
				[-23.69619406],
				[64.69104576],
				[327.5509155]
			]
		},
		{
			"name": "03_03",
			"type": "vga",
			"resolution": [640,480],
			"panel": 3,
			"node": 3,
			"K": [
				[747.881,0,349.69],
				[0,748.142,212.882],
				[0,0,1]
			],
			"distCoef": [-0.328311,0.101777,-0.000247252,-0.000173516,-0.0382024],
			"R": [
				[0.8086317316,0.0623408027,-0.5850028606],
				[-0.2665507436,0.9252758703,-0.2698430376],
				[0.5244667994,0.3741365903,0.7648244165]
			],
			"t": [
				[-6.406999915],
				[71.83518603],
				[324.6890478]
			]
		},
		{
			"name": "03_04",
			"type": "vga",
			"resolution": [640,480],
			"panel": 3,
			"node": 4,
			"K": [
				[744.881,0,376.272],
				[0,744.946,212.306],
				[0,0,1]
			],
			"distCoef": [-0.334823,0.113069,-0.000173421,0.00157041,0.00326715],
			"R": [
				[0.8416980001,-0.03533697244,-0.5387910309],
				[-0.1926378942,0.9125364852,-0.3607877559],
				[0.5044156206,0.4074659022,0.7612728947]
			],
			"t": [
				[6.029497749],
				[74.37278458],
				[327.5493336]
			]
		},
		{
			"name": "03_05",
			"type": "vga",
			"resolution": [640,480],
			"panel": 3,
			"node": 5,
			"K": [
				[746.479,0,376.919],
				[0,746.73,250.697],
				[0,0,1]
			],
			"distCoef": [-0.333199,0.111039,0.0013646,-8.88379e-06,-0.00164175],
			"R": [
				[0.8613428211,-0.05469262377,-0.505071541],
				[-0.1765741525,0.8999740725,-0.3985827862],
				[0.47635083,0.4324990008,0.7655289028]
			],
			"t": [
				[33.99686702],
				[61.3738021],
				[328.3904633]
			]
		},
		{
			"name": "03_06",
			"type": "vga",
			"resolution": [640,480],
			"panel": 3,
			"node": 6,
			"K": [
				[744.767,0,378.646],
				[0,744.694,239.753],
				[0,0,1]
			],
			"distCoef": [-0.31092,-0.00603839,-0.000833774,-0.000128089,0.166442],
			"R": [
				[0.877574976,-0.06527213851,-0.474975483],
				[-0.1127015866,0.9348437014,-0.3366980938],
				[0.4660048432,0.3490083121,0.8130391652]
			],
			"t": [
				[55.10597904],
				[108.634507],
				[318.762037]
			]
		},
		{
			"name": "03_07",
			"type": "vga",
			"resolution": [640,480],
			"panel": 3,
			"node": 7,
			"K": [
				[744.751,0,394.457],
				[0,745.163,229.807],
				[0,0,1]
			],
			"distCoef": [-0.318572,0.0439395,0.000833184,0.000576512,0.0794272],
			"R": [
				[0.8522397169,-0.03709864629,-0.5218344137],
				[-0.1510563119,0.9375459949,-0.3133520355],
				[0.5008687009,0.345877432,0.7934099486]
			],
			"t": [
				[42.07053937],
				[127.6493604],
				[319.9821764]
			]
		},
		{
			"name": "03_08",
			"type": "vga",
			"resolution": [640,480],
			"panel": 3,
			"node": 8,
			"K": [
				[744.469,0,375.92],
				[0,744.535,233.718],
				[0,0,1]
			],
			"distCoef": [-0.314294,0.0158987,-0.000159508,-0.00132734,0.118858],
			"R": [
				[0.8641017988,-0.08690768954,-0.4957571329],
				[-0.1235389396,0.9182264716,-0.3762954654],
				[0.4879202924,0.386402899,0.782704662]
			],
			"t": [
				[50.82052911],
				[133.5102209],
				[324.5603902]
			]
		},
		{
			"name": "03_09",
			"type": "vga",
			"resolution": [640,480],
			"panel": 3,
			"node": 9,
			"K": [
				[745.886,0,388.666],
				[0,745.873,218.214],
				[0,0,1]
			],
			"distCoef": [-0.320989,0.0589802,0.000688203,0.00104552,0.0663758],
			"R": [
				[0.8630211398,-0.1627805248,-0.4782227651],
				[-0.06632562079,0.9019545285,-0.4267070898],
				[0.5007947926,0.3999756607,0.7676093059]
			],
			"t": [
				[26.03390814],
				[150.6182391],
				[328.1224916]
			]
		},
		{
			"name": "03_10",
			"type": "vga",
			"resolution": [640,480],
			"panel": 3,
			"node": 10,
			"K": [
				[744.962,0,374.183],
				[0,745.171,230.87],
				[0,0,1]
			],
			"distCoef": [-0.314638,0.00424483,0.000541826,0.000352245,0.16727],
			"R": [
				[0.8441926218,-0.105098319,-0.5256359582],
				[-0.1585323905,0.8877745267,-0.4321155758],
				[0.5120608347,0.4481191059,0.7327912176]
			],
			"t": [
				[7.921734586],
				[133.2595595],
				[336.8906094]
			]
		},
		{
			"name": "03_11",
			"type": "vga",
			"resolution": [640,480],
			"panel": 3,
			"node": 11,
			"K": [
				[746.323,0,370.047],
				[0,746.604,237.5],
				[0,0,1]
			],
			"distCoef": [-0.328795,0.100139,0.000992073,-0.00147451,-0.000792275],
			"R": [
				[0.849108209,-0.06350045662,-0.5243881592],
				[-0.1652737102,0.910963103,-0.3779296569],
				[0.5016969704,0.4075707508,0.7630112928]
			],
			"t": [
				[13.01379195],
				[168.5507563],
				[330.3864704]
			]
		},
		{
			"name": "03_12",
			"type": "vga",
			"resolution": [640,480],
			"panel": 3,
			"node": 12,
			"K": [
				[745.428,0,372.884],
				[0,745.464,241.134],
				[0,0,1]
			],
			"distCoef": [-0.314044,0.0133363,0.00164374,9.07854e-05,0.153489],
			"R": [
				[0.7906348452,0.01473782343,-0.6121105604],
				[-0.2758344493,0.9010920847,-0.3345869265],
				[0.5466368979,0.4333772622,0.7165000003]
			],
			"t": [
				[-8.920743948],
				[165.1595413],
				[335.3994998]
			]
		},
		{
			"name": "03_13",
			"type": "vga",
			"resolution": [640,480],
			"panel": 3,
			"node": 13,
			"K": [
				[746.222,0,356.517],
				[0,746.5,221.273],
				[0,0,1]
			],
			"distCoef": [-0.309741,-0.0144427,-0.000623128,-0.000175995,0.149284],
			"R": [
				[0.7821076356,0.003352298181,-0.6231343422],
				[-0.256294277,0.9132206665,-0.3167668826],
				[0.5679972622,0.4074515633,0.7150960311]
			],
			"t": [
				[-27.9318315],
				[157.8055337],
				[328.7786162]
			]
		},
		{
			"name": "03_14",
			"type": "vga",
			"resolution": [640,480],
			"panel": 3,
			"node": 14,
			"K": [
				[744.117,0,367.435],
				[0,744.36,233.733],
				[0,0,1]
			],
			"distCoef": [-0.311344,-0.00470362,0.000569477,0.000473299,0.172249],
			"R": [
				[0.7651742222,0.08756200517,-0.6378411283],
				[-0.3082117871,0.9196279613,-0.2434951891],
				[0.5652556094,0.382906396,0.7306632521]
			],
			"t": [
				[-28.41798408],
				[178.064947],
				[323.3005057]
			]
		},
		{
			"name": "03_15",
			"type": "vga",
			"resolution": [640,480],
			"panel": 3,
			"node": 15,
			"K": [
				[747.691,0,380.79],
				[0,747.636,236.512],
				[0,0,1]
			],
			"distCoef": [-0.333488,0.126216,0.000478777,0.000869023,-0.0213703],
			"R": [
				[0.8423497194,0.0943268319,-0.5306122868],
				[-0.2679787044,0.9275295679,-0.2605308325],
				[0.4675835371,0.3616508668,0.8065818535]
			],
			"t": [
				[-7.660190748],
				[164.0831197],
				[323.7974166]
			]
		},
		{
			"name": "03_16",
			"type": "vga",
			"resolution": [640,480],
			"panel": 3,
			"node": 16,
			"K": [
				[745.174,0,371.809],
				[0,745.322,216.21],
				[0,0,1]
			],
			"distCoef": [-0.317752,0.033618,-0.000814265,0.000271362,0.0967754],
			"R": [
				[0.7752690453,0.07991838222,-0.6265548336],
				[-0.2810960039,0.9319718878,-0.2289398108],
				[0.5656349918,0.3536120086,0.7449936936]
			],
			"t": [
				[-40.47401964],
				[150.2134828],
				[318.5069293]
			]
		},
		{
			"name": "03_17",
			"type": "vga",
			"resolution": [640,480],
			"panel": 3,
			"node": 17,
			"K": [
				[744.502,0,386.222],
				[0,744.532,243.508],
				[0,0,1]
			],
			"distCoef": [-0.307556,-0.0282977,-0.000680195,5.85755e-05,0.192031],
			"R": [
				[0.8001992421,0.1397377599,-0.583227684],
				[-0.3085011293,0.9298571514,-0.200481249],
				[0.5143036322,0.3403513426,0.7871802446]
			],
			"t": [
				[-27.44154063],
				[138.7783484],
				[320.1297189]
			]
		},
		{
			"name": "03_18",
			"type": "vga",
			"resolution": [640,480],
			"panel": 3,
			"node": 18,
			"K": [
				[746.863,0,388.167],
				[0,746.946,244.729],
				[0,0,1]
			],
			"distCoef": [-0.330108,0.0977282,-0.000206286,-0.00034887,0.0134574],
			"R": [
				[0.7816922373,0.1438950073,-0.6068372707],
				[-0.3490414924,0.9072994474,-0.2344733447],
				[0.5168435767,0.39509738,0.759454263]
			],
			"t": [
				[-37.4565182],
				[100.8285702],
				[326.2666534]
			]
		},
		{
			"name": "03_19",
			"type": "vga",
			"resolution": [640,480],
			"panel": 3,
			"node": 19,
			"K": [
				[743.866,0,380.882],
				[0,743.87,232.412],
				[0,0,1]
			],
			"distCoef": [-0.315808,0.0336126,0.00046212,0.000504583,0.114507],
			"R": [
				[0.8101466278,0.09655623669,-0.5782208355],
				[-0.2712015745,0.9361785774,-0.2236501225],
				[0.519723145,0.3380037936,0.7846281209]
			],
			"t": [
				[-1.83610926],
				[125.4757204],
				[319.9005706]
			]
		},
		{
			"name": "03_20",
			"type": "vga",
			"resolution": [640,480],
			"panel": 3,
			"node": 20,
			"K": [
				[746.009,0,356.345],
				[0,746.117,214.533],
				[0,0,1]
			],
			"distCoef": [-0.321109,0.0381807,0.000170949,-0.000634569,0.117659],
			"R": [
				[0.8694016536,0.003539628822,-0.4940933472],
				[-0.1826954096,0.9314105255,-0.3147964744],
				[0.4590894815,0.3639531618,0.810416525]
			],
			"t": [
				[24.3570579],
				[110.7298946],
				[322.3898238]
			]
		},
		{
			"name": "03_21",
			"type": "vga",
			"resolution": [640,480],
			"panel": 3,
			"node": 21,
			"K": [
				[745.048,0,371.093],
				[0,745.372,250.982],
				[0,0,1]
			],
			"distCoef": [-0.307562,-0.0223849,-0.000730445,-6.01099e-05,0.19503],
			"R": [
				[0.8525190187,-0.01529969805,-0.5224722404],
				[-0.1570837683,0.9458656894,-0.2840119493],
				[0.4985338629,0.3241974967,0.8039651551]
			],
			"t": [
				[25.87794276],
				[139.6731429],
				[316.8188903]
			]
		},
		{
			"name": "03_22",
			"type": "vga",
			"resolution": [640,480],
			"panel": 3,
			"node": 22,
			"K": [
				[749.532,0,361.547],
				[0,749.818,223.788],
				[0,0,1]
			],
			"distCoef": [-0.329738,0.0756923,0.000152797,-0.00144296,0.0410533],
			"R": [
				[0.8244909359,-0.01191744399,-0.5657496542],
				[-0.2600659162,0.8799583205,-0.3975412852],
				[0.5025737915,0.4749013884,0.7224183382]
			],
			"t": [
				[8.694020125],
				[105.2924199],
				[338.4295634]
			]
		},
		{
			"name": "03_23",
			"type": "vga",
			"resolution": [640,480],
			"panel": 3,
			"node": 23,
			"K": [
				[744.554,0,365.349],
				[0,744.613,235.225],
				[0,0,1]
			],
			"distCoef": [-0.313762,-0.00385966,0.000939343,-0.000782816,0.170458],
			"R": [
				[0.8244328752,0.02622454319,-0.5653518441],
				[-0.2560775322,0.9081085641,-0.3313051966],
				[0.504712524,0.4179128009,0.7553900708]
			],
			"t": [
				[-1.649474189],
				[132.9442109],
				[331.0773921]
			]
		},
		{
			"name": "03_24",
			"type": "vga",
			"resolution": [640,480],
			"panel": 3,
			"node": 24,
			"K": [
				[745.92,0,373.32],
				[0,746.219,224.919],
				[0,0,1]
			],
			"distCoef": [-0.321842,0.0581238,0.000121968,0.00100623,0.078037],
			"R": [
				[0.8561107521,0.02946468825,-0.5159517538],
				[-0.2228269277,0.9218474833,-0.3170889114],
				[0.4662858998,0.3864311706,0.7957690683]
			],
			"t": [
				[0.6681496057],
				[127.9834926],
				[326.5317661]
			]
		},
		{
			"name": "04_01",
			"type": "vga",
			"resolution": [640,480],
			"panel": 4,
			"node": 1,
			"K": [
				[745.698,0,368.003],
				[0,745.86,244.837],
				[0,0,1]
			],
			"distCoef": [-0.32305,0.0581061,-0.000322797,0.000654846,0.0609551],
			"R": [
				[0.04661890752,-0.06058669427,-0.9970736833],
				[-0.08219646661,0.9945412715,-0.06427596927],
				[0.9955251972,0.08495240919,0.04138441536]
			],
			"t": [
				[-59.73830475],
				[136.8584089],
				[283.2446762]
			]
		},
		{
			"name": "04_02",
			"type": "vga",
			"resolution": [640,480],
			"panel": 4,
			"node": 2,
			"K": [
				[745.164,0,381.708],
				[0,745.247,222.36],
				[0,0,1]
			],
			"distCoef": [-0.32049,0.046865,-0.000691543,-0.000323564,0.0719247],
			"R": [
				[0.1109407998,-0.01792818564,-0.9936652953],
				[-0.007275144691,0.9997958342,-0.01885105153],
				[0.993800388,0.009320409532,0.1107877193]
			],
			"t": [
				[-53.79369019],
				[149.4421789],
				[275.6218772]
			]
		},
		{
			"name": "04_03",
			"type": "vga",
			"resolution": [640,480],
			"panel": 4,
			"node": 3,
			"K": [
				[743.077,0,377.936],
				[0,742.771,258.547],
				[0,0,1]
			],
			"distCoef": [-0.31371,-0.0103089,0.000340049,0.000967211,0.174078],
			"R": [
				[0.07012024065,0.04168349609,-0.9966672654],
				[-0.08575465134,0.9956797389,0.03560895089],
				[0.9938457082,0.08297194564,0.07339185657]
			],
			"t": [
				[-50.71081039],
				[111.2288308],
				[283.2705736]
			]
		},
		{
			"name": "04_04",
			"type": "vga",
			"resolution": [640,480],
			"panel": 4,
			"node": 4,
			"K": [
				[743.418,0,392.859],
				[0,743.647,223.425],
				[0,0,1]
			],
			"distCoef": [-0.308898,-0.0232741,-0.00064558,8.07388e-05,0.170332],
			"R": [
				[0.09590043212,0.05692940423,-0.9937616163],
				[-0.03746787364,0.9978620695,0.05354856434],
				[0.9946855109,0.03209880421,0.09782842739]
			],
			"t": [
				[-21.87074562],
				[117.7678974],
				[278.6387493]
			]
		},
		{
			"name": "04_05",
			"type": "vga",
			"resolution": [640,480],
			"panel": 4,
			"node": 5,
			"K": [
				[746.208,0,364.719],
				[0,746.26,258.451],
				[0,0,1]
			],
			"distCoef": [-0.328843,0.0778917,0.000897785,0.000310824,0.0595569],
			"R": [
				[0.135754101,0.01164255104,-0.9906741518],
				[-0.04947245319,0.9987631809,0.00495830329],
				[0.9895065944,0.04833797059,0.1361621833]
			],
			"t": [
				[-12.38014748],
				[90.64444134],
				[281.3069263]
			]
		},
		{
			"name": "04_06",
			"type": "vga",
			"resolution": [640,480],
			"panel": 4,
			"node": 6,
			"K": [
				[745.389,0,361.239],
				[0,745.522,224.349],
				[0,0,1]
			],
			"distCoef": [-0.312792,0.00548195,-3.19183e-05,0.00144787,0.149626],
			"R": [
				[0.09936586912,0.0951358543,-0.9904926013],
				[-0.08726228621,0.9924170103,0.08656657008],
				[0.9912172907,0.07783088639,0.1069141509]
			],
			"t": [
				[6.243968332],
				[75.2917868],
				[282.9265578]
			]
		},
		{
			"name": "04_07",
			"type": "vga",
			"resolution": [640,480],
			"panel": 4,
			"node": 7,
			"K": [
				[744.779,0,374.716],
				[0,744.68,217.877],
				[0,0,1]
			],
			"distCoef": [-0.302104,-0.0676214,-0.000825542,-0.000140177,0.269354],
			"R": [
				[0.0853002642,-0.05826206214,-0.9946503894],
				[-0.03811183773,0.9973674723,-0.06168965109],
				[0.9956261109,0.04317009777,0.08285523463]
			],
			"t": [
				[3.288363152],
				[99.2835563],
				[280.1336541]
			]
		},
		{
			"name": "04_08",
			"type": "vga",
			"resolution": [640,480],
			"panel": 4,
			"node": 8,
			"K": [
				[744.554,0,364.941],
				[0,744.479,236.235],
				[0,0,1]
			],
			"distCoef": [-0.312028,-0.00668972,0.000431535,-0.000482826,0.17047],
			"R": [
				[0.1084209716,-0.02026445302,-0.9938985083],
				[-0.04572922633,0.9986321871,-0.02534941142],
				[0.9930527331,0.04819861765,0.1073459943]
			],
			"t": [
				[34.9908505],
				[92.46991556],
				[279.9174972]
			]
		},
		{
			"name": "04_09",
			"type": "vga",
			"resolution": [640,480],
			"panel": 4,
			"node": 9,
			"K": [
				[745.748,0,353.795],
				[0,745.777,217.143],
				[0,0,1]
			],
			"distCoef": [-0.331615,0.112378,-0.000754464,-0.000132817,-0.0213032],
			"R": [
				[0.09750318296,0.01308770277,-0.9951491553],
				[-0.0433749313,0.9990193215,0.008888792227],
				[0.9942895678,0.04229784071,0.09797524189]
			],
			"t": [
				[51.68187289],
				[107.4025346],
				[279.4562464]
			]
		},
		{
			"name": "04_10",
			"type": "vga",
			"resolution": [640,480],
			"panel": 4,
			"node": 10,
			"K": [
				[743.279,0,372.578],
				[0,743.455,209.36],
				[0,0,1]
			],
			"distCoef": [-0.311191,-0.00269222,-0.00145311,0.000153809,0.140366],
			"R": [
				[0.07781375647,-0.02006747909,-0.9967659282],
				[-0.05413325044,0.9982374361,-0.02432308304],
				[0.9954971675,0.05585085008,0.07659028688]
			],
			"t": [
				[37.14926348],
				[126.2088349],
				[281.6807319]
			]
		},
		{
			"name": "04_11",
			"type": "vga",
			"resolution": [640,480],
			"panel": 4,
			"node": 11,
			"K": [
				[742.803,0,377.968],
				[0,742.94,230.822],
				[0,0,1]
			],
			"distCoef": [-0.306325,-0.0296749,0.000187836,-0.000167814,0.193065],
			"R": [
				[0.1058625104,-0.01016370035,-0.994328833],
